Model: DeepARLightningModule
SSE: 7.394611358642578
MSE: 0.020427104085683823
RMSE: 0.14292341470718384
MAE: 0.11753659695386887
MAPE: 19.965633392333984

Model: TemporalFusionTransformerLightningModule
SSE: 0.24985915422439575
MSE: 0.0006902186432853341
RMSE: 0.026272011920809746
MAE: 0.015337388031184673
MAPE: 2.714372396469116

Model: SimpleFeedForwardLightningModule
SSE: 0.3214758038520813
MSE: 0.0008880547247827053
RMSE: 0.02980024740099907
MAE: 0.02095050923526287
MAPE: 3.6090993881225586

