Model: DeepARLightningModule
SSE: 2.1568541526794434
MSE: 0.005958160851150751
RMSE: 0.0771891251206398
MAE: 0.07143521308898926
MAPE: 11.951510429382324

Model: TemporalFusionTransformerLightningModule
SSE: 0.18077413737773895
MSE: 0.0004993760958313942
RMSE: 0.022346723824739456
MAE: 0.012501350603997707
MAPE: 2.1384947299957275

Model: SimpleFeedForwardLightningModule
SSE: 0.23262500762939453
MSE: 0.0006426105392165482
RMSE: 0.02534976415336132
MAE: 0.01639464497566223
MAPE: 2.788421154022217

