Model: DeepARLightningModule
SSE: 7.389795303344727
MSE: 0.020413799211382866
RMSE: 0.14287686347961426
MAE: 0.11683281511068344
MAPE: 17.843952178955078

Model: TemporalFusionTransformerLightningModule
SSE: 0.22944340109825134
MSE: 0.0006338215316645801
RMSE: 0.02517581172287464
MAE: 0.015625618398189545
MAPE: 2.5170280933380127

Model: SimpleFeedForwardLightningModule
SSE: 0.23483888804912567
MSE: 0.0006487261853180826
RMSE: 0.025470104068517685
MAE: 0.016526317223906517
MAPE: 2.674710273742676

