Model: DeepARLightningModule
SSE: 0.34827351570129395
MSE: 0.0009620815399102867
RMSE: 0.03101743943989277
MAE: 0.02233375608921051
MAPE: 4.105617523193359

Model: TemporalFusionTransformerLightningModule
SSE: 0.21698123216629028
MSE: 0.0005993956583552063
RMSE: 0.02448255755007267
MAE: 0.0145026333630085
MAPE: 2.718229293823242

Model: SimpleFeedForwardLightningModule
SSE: 0.26153817772865295
MSE: 0.000722481170669198
RMSE: 0.02687901072204113
MAE: 0.017339259386062622
MAPE: 3.2317211627960205

