Model: DeepARLightningModule
SSE: 0.8918037414550781
MSE: 0.00246354634873569
RMSE: 0.04963412508368492
MAE: 0.038854409009218216
MAPE: 6.362537384033203

Model: TemporalFusionTransformerLightningModule
SSE: 0.25516438484191895
MSE: 0.0007048739935271442
RMSE: 0.026549462229013443
MAE: 0.015756575390696526
MAPE: 2.755427360534668

Model: SimpleFeedForwardLightningModule
SSE: 0.26870912313461304
MSE: 0.0007422904018312693
RMSE: 0.02724500745534897
MAE: 0.017431531101465225
MAPE: 3.070680618286133

