Model: DeepARLightningModule
SSE: 6.066134452819824
MSE: 0.016850372776389122
RMSE: 0.12980899214744568
MAE: 0.10489114373922348
MAPE: 24.014610290527344

Model: TemporalFusionTransformerLightningModule
SSE: 1.637973427772522
MSE: 0.004549926146864891
RMSE: 0.06745313853025436
MAE: 0.05004400759935379
MAPE: 11.876255989074707

Model: SimpleFeedForwardLightningModule
SSE: 1.7779269218444824
MSE: 0.004938685800880194
RMSE: 0.07027578353881836
MAE: 0.049358632415533066
MAPE: 11.679780006408691

