Model: DeepARLightningModule
SSE: 23.071313858032227
MSE: 0.06373291462659836
RMSE: 0.2524537742137909
MAE: 0.23226404190063477
MAPE: 39.82648849487305

Model: TemporalFusionTransformerLightningModule
SSE: 0.26688024401664734
MSE: 0.0007372382679022849
RMSE: 0.027152132242918015
MAE: 0.0173129104077816
MAPE: 3.239133834838867

Model: SimpleFeedForwardLightningModule
SSE: 0.5571461915969849
MSE: 0.0015390778426080942
RMSE: 0.039231084287166595
MAE: 0.028529344126582146
MAPE: 5.144050598144531

Model: TransformerPredictionNetwork
SSE: 0.367839515209198
MSE: 0.0010161312529817224
RMSE: 0.0318768136203289
MAE: 0.023170102387666702
MAPE: 4.2587103843688965

