Model: DeepARLightningModule
SSE: 15.537161827087402
MSE: 0.04292033612728119
RMSE: 0.2071722447872162
MAE: 0.19484221935272217
MAPE: 49.60702133178711

Model: TemporalFusionTransformerLightningModule
SSE: 0.14277347922325134
MSE: 0.00039440186810679734
RMSE: 0.019859554246068
MAE: 0.011599654331803322
MAPE: 3.2369606494903564

Model: SimpleFeedForwardLightningModule
SSE: 0.2758283317089081
MSE: 0.0007619567331857979
RMSE: 0.02760356292128563
MAE: 0.019710566848516464
MAPE: 5.436885833740234

Model: TransformerPredictionNetwork
SSE: 1.5510096549987793
MSE: 0.004284556955099106
RMSE: 0.06545652449131012
MAE: 0.05430924519896507
MAPE: 13.172128677368164

