Model: DeepARLightningModule
SSE: 2.929471015930176
MSE: 0.00809246115386486
RMSE: 0.08995810896158218
MAE: 0.07237149775028229
MAPE: 14.05942440032959

Model: TemporalFusionTransformerLightningModule
SSE: 0.14419186115264893
MSE: 0.0003983200585935265
RMSE: 0.019957957789301872
MAE: 0.012231088243424892
MAPE: 2.4461891651153564

Model: SimpleFeedForwardLightningModule
SSE: 0.17257198691368103
MSE: 0.00047671818174421787
RMSE: 0.02183387614786625
MAE: 0.014147859998047352
MAPE: 2.835251569747925

