Model: DeepARLightningModule
SSE: 1.7237679958343506
MSE: 0.004761789925396442
RMSE: 0.06900572031736374
MAE: 0.05069088190793991
MAPE: 13.709234237670898

Model: TemporalFusionTransformerLightningModule
SSE: 0.11259952187538147
MSE: 0.00031104841036722064
RMSE: 0.01763656549155712
MAE: 0.009587960317730904
MAPE: 2.659156322479248

Model: SimpleFeedForwardLightningModule
SSE: 0.1203191876411438
MSE: 0.00033237345633096993
RMSE: 0.018231112509965897
MAE: 0.011013778857886791
MAPE: 3.052682399749756

