Model: DeepARLightningModule
SSE: 3.893327474594116
MSE: 0.010755048133432865
RMSE: 0.10370654612779617
MAE: 0.08520855754613876
MAPE: 19.951255798339844

Model: TemporalFusionTransformerLightningModule
SSE: 0.1136699914932251
MSE: 0.00031400550506077707
RMSE: 0.01772020012140274
MAE: 0.010712424293160439
MAPE: 2.619128465652466

Model: SimpleFeedForwardLightningModule
SSE: 0.1524527221918106
MSE: 0.00042114011012017727
RMSE: 0.020521698519587517
MAE: 0.014963571913540363
MAPE: 3.6102921962738037

