Model: DeepARLightningModule
SSE: 0.4727207124233246
MSE: 0.0013058583717793226
RMSE: 0.03613666072487831
MAE: 0.02637093886733055
MAPE: 5.008523941040039

Model: TemporalFusionTransformerLightningModule
SSE: 0.15346968173980713
MSE: 0.00042394938645884395
RMSE: 0.020590031519532204
MAE: 0.012724126689136028
MAPE: 2.583550453186035

Model: SimpleFeedForwardLightningModule
SSE: 0.17393317818641663
MSE: 0.00048047839663922787
RMSE: 0.021919816732406616
MAE: 0.014752225950360298
MAPE: 2.9507179260253906

