Model: DeepARLightningModule
SSE: 39.06117630004883
MSE: 0.10790380090475082
RMSE: 0.3284871280193329
MAE: 0.3134377896785736
MAPE: 46.84800720214844

Model: TemporalFusionTransformerLightningModule
SSE: 0.3106510043144226
MSE: 0.0008581519359722733
RMSE: 0.029294230043888092
MAE: 0.01825682446360588
MAPE: 2.883234739303589

Model: SimpleFeedForwardLightningModule
SSE: 0.8055569529533386
MSE: 0.0022252954076975584
RMSE: 0.04717303812503815
MAE: 0.03341315686702728
MAPE: 5.192550182342529

Model: TransformerPredictionNetwork
SSE: 16.55223846435547
MSE: 0.04572441428899765
RMSE: 0.21383267641067505
MAE: 0.19420720636844635
MAPE: 28.641687393188477

