Model: DeepARLightningModule
SSE: 0.5895361304283142
MSE: 0.001628552796319127
RMSE: 0.04035533219575882
MAE: 0.03017471171915531
MAPE: 6.590063095092773

Model: TemporalFusionTransformerLightningModule
SSE: 0.11086656153202057
MSE: 0.0003062612086068839
RMSE: 0.017500320449471474
MAE: 0.010490558110177517
MAPE: 2.544102430343628

Model: SimpleFeedForwardLightningModule
SSE: 0.1359686553478241
MSE: 0.00037560402415692806
RMSE: 0.01938050612807274
MAE: 0.013312124647200108
MAPE: 3.1952199935913086

