Model: DeepARLightningModule
SSE: 6.429025650024414
MSE: 0.01785840466618538
RMSE: 0.13363534212112427
MAE: 0.1112140640616417
MAPE: 25.2794246673584

Model: TemporalFusionTransformerLightningModule
SSE: 1.8029186725616455
MSE: 0.005008107516914606
RMSE: 0.07076798379421234
MAE: 0.048688240349292755
MAPE: 11.275854110717773

Model: SimpleFeedForwardLightningModule
SSE: 1.199649453163147
MSE: 0.0033323594834655523
RMSE: 0.05772659182548523
MAE: 0.04111269488930702
MAPE: 9.776389122009277

