Model: DeepARLightningModule
SSE: 0.4109354615211487
MSE: 0.001135180820710957
RMSE: 0.03369244560599327
MAE: 0.025200296193361282
MAPE: 4.103847980499268

Model: TemporalFusionTransformerLightningModule
SSE: 0.23057574033737183
MSE: 0.0006369495531544089
RMSE: 0.025237860158085823
MAE: 0.01762707717716694
MAPE: 2.7955360412597656

Model: SimpleFeedForwardLightningModule
SSE: 0.2565976679325104
MSE: 0.0007088333368301392
RMSE: 0.0266239233314991
MAE: 0.01772335357964039
MAPE: 2.85591459274292

