Model: DeepARLightningModule
SSE: 5.292132377624512
MSE: 0.014619150198996067
RMSE: 0.1209096759557724
MAE: 0.09920987486839294
MAPE: 15.839091300964355

Model: TemporalFusionTransformerLightningModule
SSE: 0.25618088245391846
MSE: 0.0007076819892972708
RMSE: 0.02660229243338108
MAE: 0.014929961413145065
MAPE: 2.3918378353118896

Model: SimpleFeedForwardLightningModule
SSE: 0.31240004301071167
MSE: 0.0008629835210740566
RMSE: 0.02937658131122589
MAE: 0.019158922135829926
MAPE: 3.026012420654297

