Model: DeepARLightningModule
SSE: 4.308199882507324
MSE: 0.01190110482275486
RMSE: 0.10909218341112137
MAE: 0.08711005747318268
MAPE: 16.15809440612793

Model: TemporalFusionTransformerLightningModule
SSE: 0.21074429154396057
MSE: 0.0005821665399707854
RMSE: 0.024128127843141556
MAE: 0.013810115866363049
MAPE: 2.5935287475585938

Model: SimpleFeedForwardLightningModule
SSE: 0.24121630191802979
MSE: 0.0006663433741778135
RMSE: 0.025813627988100052
MAE: 0.016009623184800148
MAPE: 3.0150258541107178

