Model: DeepARLightningModule
SSE: 10.90557861328125
MSE: 0.03012590855360031
RMSE: 0.17356817424297333
MAE: 0.15465526282787323
MAPE: 27.5938663482666

Model: TemporalFusionTransformerLightningModule
SSE: 0.22666452825069427
MSE: 0.000626145105343312
RMSE: 0.02502289228141308
MAE: 0.015769127756357193
MAPE: 3.115941286087036

Model: SimpleFeedForwardLightningModule
SSE: 1.2527287006378174
MSE: 0.0034605765249580145
RMSE: 0.058826666325330734
MAE: 0.04958592355251312
MAPE: 9.498688697814941

Model: TransformerPredictionNetwork
SSE: 4.210110664367676
MSE: 0.011630140244960785
RMSE: 0.10784313082695007
MAE: 0.09105059504508972
MAPE: 15.936575889587402

