Model: DeepARLightningModule
SSE: 21.532548904418945
MSE: 0.05948217958211899
RMSE: 0.2438896894454956
MAE: 0.21859455108642578
MAPE: 20.034635543823242

Model: TemporalFusionTransformerLightningModule
SSE: 0.5346934795379639
MSE: 0.0014770538546144962
RMSE: 0.03843245655298233
MAE: 0.026724282652139664
MAPE: 2.6909332275390625

Model: SimpleFeedForwardLightningModule
SSE: 1.4979413747787476
MSE: 0.00413795979693532
RMSE: 0.06432697921991348
MAE: 0.05041734129190445
MAPE: 4.980820655822754

Model: TransformerPredictionNetwork
SSE: 12.33361530303955
MSE: 0.034070760011672974
RMSE: 0.1845826655626297
MAE: 0.1726139932870865
MAPE: 16.52383041381836

