Model: DeepARLightningModule
SSE: 17.011445999145508
MSE: 0.0469929464161396
RMSE: 0.21677856147289276
MAE: 0.2019706666469574
MAPE: 37.473289489746094

Model: TemporalFusionTransformerLightningModule
SSE: 0.28773558139801025
MSE: 0.0007948496495373547
RMSE: 0.028193078935146332
MAE: 0.019364679232239723
MAPE: 3.7890443801879883

Model: SimpleFeedForwardLightningModule
SSE: 0.421567440032959
MSE: 0.001164550893008709
RMSE: 0.034125518053770065
MAE: 0.024895625188946724
MAPE: 5.089632034301758

