Model: DeepARLightningModule
SSE: 12.513131141662598
MSE: 0.03456665948033333
RMSE: 0.18592111766338348
MAE: 0.16885483264923096
MAPE: 31.018911361694336

Model: TemporalFusionTransformerLightningModule
SSE: 0.17437970638275146
MSE: 0.0004817119042854756
RMSE: 0.021947937086224556
MAE: 0.014547586441040039
MAPE: 2.870958089828491

Model: SimpleFeedForwardLightningModule
SSE: 0.4534483850002289
MSE: 0.001252619898878038
RMSE: 0.03539237007498741
MAE: 0.025734201073646545
MAPE: 5.196895599365234

Model: TransformerPredictionNetwork
SSE: 0.8575612306594849
MSE: 0.002368953777477145
RMSE: 0.0486718975007534
MAE: 0.03940092399716377
MAPE: 7.876593112945557

