Model: DeepARLightningModule
SSE: 0.671162486076355
MSE: 0.0018540399614721537
RMSE: 0.04305856302380562
MAE: 0.03308191895484924
MAPE: 5.2671427726745605

Model: TemporalFusionTransformerLightningModule
SSE: 0.2645478844642639
MSE: 0.0007307952619157732
RMSE: 0.02703322470188141
MAE: 0.0148322070017457
MAPE: 2.377662181854248

Model: SimpleFeedForwardLightningModule
SSE: 0.3582124412059784
MSE: 0.0009895371040329337
RMSE: 0.03145691007375717
MAE: 0.02268683724105358
MAPE: 3.6268365383148193

