Model: DeepARLightningModule
SSE: 23.184036254882812
MSE: 0.0640442967414856
RMSE: 0.25306975841522217
MAE: 0.22874730825424194
MAPE: 36.086952209472656

Model: TemporalFusionTransformerLightningModule
SSE: 0.31059467792510986
MSE: 0.0008579963468946517
RMSE: 0.02929157391190529
MAE: 0.0182648915797472
MAPE: 3.2268424034118652

Model: SimpleFeedForwardLightningModule
SSE: 1.3223063945770264
MSE: 0.003652780083939433
RMSE: 0.060438234359025955
MAE: 0.045569099485874176
MAPE: 8.085090637207031

Model: TransformerPredictionNetwork
SSE: 2.2668044567108154
MSE: 0.006261890754103661
RMSE: 0.07913210988044739
MAE: 0.062300920486450195
MAPE: 9.809281349182129

