Model: DeepARLightningModule
SSE: 0.36185595393180847
MSE: 0.0009996021399274468
RMSE: 0.031616486608982086
MAE: 0.024378133937716484
MAPE: 4.633604049682617

Model: TemporalFusionTransformerLightningModule
SSE: 0.16959556937217712
MSE: 0.00046849605860188603
RMSE: 0.021644769236445427
MAE: 0.012888018041849136
MAPE: 2.5398876667022705

Model: SimpleFeedForwardLightningModule
SSE: 0.1753973364830017
MSE: 0.0004845230432692915
RMSE: 0.022011883556842804
MAE: 0.014456463046371937
MAPE: 2.8082494735717773

