Model: DeepARLightningModule
SSE: 13.999040603637695
MSE: 0.038671381771564484
RMSE: 0.1966504007577896
MAE: 0.1782250553369522
MAPE: 38.58858871459961

Model: TemporalFusionTransformerLightningModule
SSE: 0.47660040855407715
MSE: 0.001316575682722032
RMSE: 0.03628464788198471
MAE: 0.026600437238812447
MAPE: 6.727424621582031

Model: SimpleFeedForwardLightningModule
SSE: 0.38629090785980225
MSE: 0.0010671019554138184
RMSE: 0.03266652673482895
MAE: 0.02359675243496895
MAPE: 5.720177173614502

