Model: DeepARLightningModule
SSE: 27.905309677124023
MSE: 0.07708649337291718
RMSE: 0.277644544839859
MAE: 0.26213589310646057
MAPE: 58.3723030090332

Model: TemporalFusionTransformerLightningModule
SSE: 0.17009970545768738
MSE: 0.00046988867688924074
RMSE: 0.021676916629076004
MAE: 0.01448387186974287
MAPE: 3.539217710494995

Model: SimpleFeedForwardLightningModule
SSE: 0.4032377004623413
MSE: 0.0011139162816107273
RMSE: 0.03337538614869118
MAE: 0.025702698156237602
MAPE: 6.16605806350708

Model: TransformerPredictionNetwork
SSE: 7.091229438781738
MSE: 0.019589031115174294
RMSE: 0.13996082544326782
MAE: 0.11898262053728104
MAPE: 24.861921310424805

