Model: DeepARLightningModule
SSE: 0.4132632315158844
MSE: 0.0011416111374273896
RMSE: 0.03378773480653763
MAE: 0.026029689237475395
MAPE: 7.127581596374512

Model: TemporalFusionTransformerLightningModule
SSE: 0.11329689621925354
MSE: 0.00031297485111281276
RMSE: 0.017691094428300858
MAE: 0.00966277439147234
MAPE: 2.6730377674102783

Model: SimpleFeedForwardLightningModule
SSE: 0.11813978850841522
MSE: 0.00032635300885885954
RMSE: 0.01806524395942688
MAE: 0.010691853240132332
MAPE: 2.958388090133667

