Model: DeepARLightningModule
SSE: 11.51400375366211
MSE: 0.03198334202170372
RMSE: 0.17883887887001038
MAE: 0.15146265923976898
MAPE: 32.56017303466797

Model: TemporalFusionTransformerLightningModule
SSE: 2.1795010566711426
MSE: 0.006054169498383999
RMSE: 0.07780854403972626
MAE: 0.05401722714304924
MAPE: 12.215152740478516

Model: SimpleFeedForwardLightningModule
SSE: 1.2070116996765137
MSE: 0.00335281016305089
RMSE: 0.05790345370769501
MAE: 0.03923743590712547
MAPE: 9.342558860778809

