Model: DeepARLightningModule
SSE: 0.8439213037490845
MSE: 0.002331274328753352
RMSE: 0.04828327149152756
MAE: 0.037432193756103516
MAPE: 3.61605167388916

Model: TemporalFusionTransformerLightningModule
SSE: 0.4468456506729126
MSE: 0.0012343802955001593
RMSE: 0.03513374924659729
MAE: 0.023613523691892624
MAPE: 2.345426321029663

Model: SimpleFeedForwardLightningModule
SSE: 0.5820599794387817
MSE: 0.0016079004853963852
RMSE: 0.040098633617162704
MAE: 0.030768584460020065
MAPE: 2.9704182147979736

