Model: DeepARLightningModule
SSE: 21.384517669677734
MSE: 0.059073254466056824
RMSE: 0.24304990470409393
MAE: 0.2335456907749176
MAPE: 38.52527618408203

Model: TemporalFusionTransformerLightningModule
SSE: 0.2127847969532013
MSE: 0.0005878033116459846
RMSE: 0.024244654923677444
MAE: 0.014690843410789967
MAPE: 2.4903905391693115

Model: SimpleFeedForwardLightningModule
SSE: 0.6786162853240967
MSE: 0.0018746305722743273
RMSE: 0.04329700395464897
MAE: 0.030951257795095444
MAPE: 5.137022972106934

Model: TransformerPredictionNetwork
SSE: 2.9701011180877686
MSE: 0.008204699493944645
RMSE: 0.0905797928571701
MAE: 0.07862897962331772
MAPE: 12.672967910766602

