Model: DeepARLightningModule
SSE: 58.47603988647461
MSE: 0.16153602302074432
RMSE: 0.40191543102264404
MAE: 0.3780496120452881
MAPE: 58.532005310058594

Model: TemporalFusionTransformerLightningModule
SSE: 0.2607232928276062
MSE: 0.0007202301057986915
RMSE: 0.026837103068828583
MAE: 0.017450720071792603
MAPE: 2.8218977451324463

Model: SimpleFeedForwardLightningModule
SSE: 1.613519310951233
MSE: 0.004457235801964998
RMSE: 0.0667625293135643
MAE: 0.05698090046644211
MAPE: 9.132238388061523

Model: TransformerPredictionNetwork
SSE: 2.0391788482666016
MSE: 0.005633090622723103
RMSE: 0.07505391538143158
MAE: 0.05464102700352669
MAPE: 7.725917816162109

