Model: DeepARLightningModule
SSE: 48.73543930053711
MSE: 0.1353762149810791
RMSE: 0.36793506145477295
MAE: 0.3306967318058014
MAPE: 73.54793548583984

Model: TemporalFusionTransformerLightningModule
SSE: 12.135272979736328
MSE: 0.0337090902030468
RMSE: 0.18360035121440887
MAE: 0.13697971403598785
MAPE: 29.50852394104004

Model: SimpleFeedForwardLightningModule
SSE: 5.42923641204834
MSE: 0.015081211924552917
RMSE: 0.12280558794736862
MAE: 0.0845608338713646
MAPE: 17.555278778076172

