Model: DeepARLightningModule
SSE: 0.5882529020309448
MSE: 0.0016250080661848187
RMSE: 0.04031138867139816
MAE: 0.03038877435028553
MAPE: 5.636279582977295

Model: TemporalFusionTransformerLightningModule
SSE: 0.17208264768123627
MSE: 0.0004753664252348244
RMSE: 0.02180290035903454
MAE: 0.013912438414990902
MAPE: 2.750967025756836

Model: SimpleFeedForwardLightningModule
SSE: 0.21156257390975952
MSE: 0.000584426976274699
RMSE: 0.024174924939870834
MAE: 0.016795501112937927
MAPE: 3.2863051891326904

