Model: DeepARLightningModule
SSE: 2.2679593563079834
MSE: 0.006265080999583006
RMSE: 0.07915226370096207
MAE: 0.06492745876312256
MAPE: 11.072047233581543

Model: TemporalFusionTransformerLightningModule
SSE: 0.17507675290107727
MSE: 0.00048363744281232357
RMSE: 0.021991757676005363
MAE: 0.012578175403177738
MAPE: 2.1433510780334473

Model: SimpleFeedForwardLightningModule
SSE: 0.20805144309997559
MSE: 0.0005747277173213661
RMSE: 0.023973479866981506
MAE: 0.014611062593758106
MAPE: 2.4883737564086914

