Model: DeepARLightningModule
SSE: 4.074175834655762
MSE: 0.011254629120230675
RMSE: 0.1060878336429596
MAE: 0.08638346195220947
MAPE: 16.59136390686035

Model: TemporalFusionTransformerLightningModule
SSE: 0.17470595240592957
MSE: 0.00048261313349939883
RMSE: 0.021968457847833633
MAE: 0.013634120114147663
MAPE: 2.6803009510040283

Model: SimpleFeedForwardLightningModule
SSE: 0.18688194453716278
MSE: 0.0005162484594620764
RMSE: 0.022721102461218834
MAE: 0.015029833652079105
MAPE: 2.955723524093628

