Model: DeepARLightningModule
SSE: 9.457521438598633
MSE: 0.026125749573111534
RMSE: 0.161634624004364
MAE: 0.12313290685415268
MAPE: 12.397409439086914

Model: TemporalFusionTransformerLightningModule
SSE: 0.4357636868953705
MSE: 0.0012037671403959394
RMSE: 0.0346953459084034
MAE: 0.02304401434957981
MAPE: 2.2887542247772217

Model: SimpleFeedForwardLightningModule
SSE: 0.45837703347206116
MSE: 0.0012662349035963416
RMSE: 0.03558419272303581
MAE: 0.025232167914509773
MAPE: 2.4961280822753906

