Model: DeepARLightningModule
SSE: 15.398784637451172
MSE: 0.042538080364465714
RMSE: 0.20624761283397675
MAE: 0.19484609365463257
MAPE: 35.8394889831543

Model: TemporalFusionTransformerLightningModule
SSE: 0.223384290933609
MSE: 0.0006170836859382689
RMSE: 0.024841168895363808
MAE: 0.016502372920513153
MAPE: 3.2373223304748535

Model: SimpleFeedForwardLightningModule
SSE: 0.5732938051223755
MSE: 0.001583684585057199
RMSE: 0.039795536547899246
MAE: 0.028578611090779305
MAPE: 5.4187331199646

Model: TransformerPredictionNetwork
SSE: 1.0708413124084473
MSE: 0.00295812520198524
RMSE: 0.05438864976167679
MAE: 0.04415572062134743
MAPE: 8.082767486572266

