Model: DeepARLightningModule
SSE: 13.455878257751465
MSE: 0.03717093542218208
RMSE: 0.19279766082763672
MAE: 0.1825331449508667
MAPE: 33.57627868652344

Model: TemporalFusionTransformerLightningModule
SSE: 0.7261010408401489
MSE: 0.0020058038644492626
RMSE: 0.04478619992733002
MAE: 0.03509867191314697
MAPE: 6.71369743347168

Model: SimpleFeedForwardLightningModule
SSE: 0.48348677158355713
MSE: 0.001335598761215806
RMSE: 0.03654584288597107
MAE: 0.026043660938739777
MAPE: 4.998209476470947

