Model: DeepARLightningModule
SSE: 2.4111080169677734
MSE: 0.006660519167780876
RMSE: 0.0816120058298111
MAE: 0.0685783177614212
MAPE: 13.363873481750488

Model: TemporalFusionTransformerLightningModule
SSE: 0.16987144947052002
MSE: 0.0004692581424023956
RMSE: 0.02166236750781536
MAE: 0.012931177392601967
MAPE: 2.534465789794922

Model: SimpleFeedForwardLightningModule
SSE: 0.20719946920871735
MSE: 0.0005723742069676518
RMSE: 0.023924343287944794
MAE: 0.01678497903048992
MAPE: 3.237229108810425

